goal1: [13.3498344,74.7916652]
goal2: [13.34752778,74.79208333]
goal3: [13.3475142,74.7920494]
goal4: [13.3476307,74.7922316]
goal5: [13.3477517,74.7921221]
goal6: [13.3479223,74.7922008]
goal7: [13.3480067,74.7920318]
goal8: [13.3496393,74.7917043]
goal9: [13.3497523,74.7914559]
goal10: [13.3497912,74.7912294]
goal11: [13.3500142,74.7911775]
goal12: [13.3502196,74.7913113]
goal13: [13.3503619,74.7916139]
