goal1: [49.90026089386679, 8.900270318973108]
goal2: [49.89978562024307, 8.899463419492383]
goal3: [49.8996836523716, 8.900243419699509]
goal4: [49.899862265313914, 8.90045658870365]
goal5: [49.90029351679272, 8.89984987787652]
goal6: [49.899761567249705, 8.899860213070145]
goal7: [49.89998467134303, 8.900015314500763]
